   0.06	  -0.13	   0.58
   0.15	   0.08	   0.64
   0.49	  -0.67	   0.78
   0.24	  -7.71	  -2.27
  -0.07	  -7.91	  -2.41
  -0.01	  -7.33	  -2.66
  -0.17	   0.14	  -2.88
  -1.91	   4.35	  -3.36
  -3.63	   6.60	  -2.83
  -6.65	   0.86	  -1.79
 -12.78	  -4.75	   0.64
 -20.46	 -11.52	   5.74
 -27.88	 -18.52	  10.89
 -34.25	 -26.12	  18.64
 -37.38	 -32.31	  25.92
 -38.53	 -35.15	  30.20
 -41.56	 -37.38	  32.31
 -46.66	 -39.86	  36.29
 -44.36	 -39.71	  36.18
 -42.27	 -39.71	  34.34
 -42.02	 -40.21	  35.20
 -42.90	 -41.09	  36.61
 -43.27	 -41.46	  37.51
 -42.10	 -41.38	  37.77
 -40.26	 -40.61	  37.73
 -36.39	 -39.15	  34.89
 -27.80	 -33.80	  26.01
 -18.39	 -21.71	  12.09
  -8.76	  -7.50	   3.17
  -3.78	   1.43	  -1.28
  -3.05	   2.90	  -4.94
  -5.31	   7.23	  -7.61
 -18.16	  -6.79	  -2.85
 -33.83	 -27.89	   9.66
 -47.87	 -39.75	  23.64
 -55.90	 -42.19	  30.36
 -51.87	 -35.57	  28.39
 -51.78	 -32.74	  30.05
 -45.29	 -21.17	  24.65
 -40.13	  -3.08	  19.15
 -39.02	  -2.42	  20.78
 -37.25	  -3.39	  21.60
 -31.56	   0.67	  18.47
 -15.74	   6.22	  12.79
 -17.67	  44.42	  21.57
 -27.57	  49.49	  43.97
 -36.42	  49.45	  65.25
 -30.11	  49.25	  48.97
 -25.63	  47.49	  39.45
 -22.46	  44.71	  29.84
 -20.51	  42.14	  23.63
 -19.94	  41.73	  25.93
 -19.25	  40.74	  24.37
 -18.79	  40.28	  25.21
 -18.49	  40.74	  30.47
 -17.84	  39.50	  27.01
 -17.42	  39.10	  27.21
 -16.94	  38.77	  27.33
 -16.49	  38.25	  26.34
 -16.14	  37.83	  25.71
 -15.80	  37.52	  25.35
 -15.48	  37.03	  23.99
 -15.24	  36.67	  23.29
 -14.97	  36.42	  23.05
 -14.83	  36.43	  23.58
 -14.62	  36.43	  23.87
 -14.50	  36.49	  24.37
 -14.29	  36.30	  24.10
 -14.15	  36.18	  23.85
 -13.97	  36.04	  23.63
 -13.81	  35.93	  23.39
 -13.69	  35.70	  22.67
 -13.54	  35.64	  22.48
 -13.40	  35.49	  22.11
 -13.27	  35.20	  21.06
 -13.08	  34.63	  19.30
 -12.90	  32.78	  13.20
 -12.90	  30.62	   8.17
 -14.03	  30.82	   7.86
 -14.84	  34.42	  15.87
 -14.95	  35.07	  18.32
 -14.90	  35.59	  20.54
 -14.77	  36.39	  24.36
 -14.66	  36.38	  24.58
 -14.49	  36.36	  24.97
 -14.33	  36.05	  23.67
 -14.03	  35.15	  20.33
 -13.89	  34.78	  18.97
 -13.81	  35.08	  19.87
 -13.69	  34.83	  18.75
 -13.55	  34.82	  19.04
 -13.48	  34.91	  19.60
 -13.45	  34.81	  19.31
 -13.33	  34.93	  19.65
 -13.19	  35.16	  20.49
 -13.16	  35.21	  20.81
 -13.07	  35.08	  20.32
 -12.91	  34.86	  19.59
 -12.88	  34.91	  19.82
 -12.81	  35.42	  21.76
 -12.73	  35.57	  22.35
 -12.64	  35.68	  22.79
 -12.55	  35.96	  24.02
 -12.45	  35.90	  23.95
 -12.30	  35.83	  23.76
 -12.19	  35.81	  23.60
 -12.08	  35.86	  23.70
 -11.96	  35.81	  23.52
 -11.86	  35.71	  23.03
 -11.72	  35.70	  22.98
 -11.65	  35.73	  23.13
 -11.54	  35.72	  23.22
 -11.45	  35.76	  23.37
 -11.35	  35.77	  23.27
 -11.25	  35.73	  23.02
 -11.15	  35.65	  22.68
 -11.04	  35.55	  22.24
 -10.93	  35.45	  21.79
 -10.81	  35.33	  21.23
 -10.58	  34.82	  19.20
 -10.48	  33.19	  14.19
 -10.25	  32.80	  12.99
 -10.47	  31.31	   9.18
 -10.20	  33.02	  13.54
 -10.23	  32.71	  12.77
 -10.24	  33.14	  14.31
 -10.13	  34.34	  18.21
 -10.14	  34.60	  19.29
 -10.05	  35.27	  21.57
  -9.91	  35.42	  22.32
  -9.86	  35.09	  21.01
  -9.71	  34.93	  20.31
  -9.54	  34.97	  20.16
  -9.49	  35.00	  20.18
  -9.16	  35.26	  21.92
  -9.08	  33.83	  16.88
  -8.88	  34.12	  17.71
  -8.44	  34.55	  20.03
  -8.55	  34.58	  20.13
  -8.52	  34.90	  20.83
  -8.38	  35.03	  20.90
  -8.23	  35.13	  21.06
  -8.18	  35.15	  21.04
  -8.06	  35.27	  21.52
  -7.97	  35.31	  21.72
  -7.89	  35.36	  21.97
  -7.79	  35.32	  21.77
  -7.69	  35.37	  22.00
  -7.57	  35.48	  22.38
  -7.48	  35.35	  21.90
  -7.39	  35.35	  21.85
  -7.24	  35.23	  21.35
  -7.14	  34.98	  20.33
  -7.03	  35.01	  20.47
  -6.95	  35.23	  21.29
  -6.88	  35.37	  21.79
  -6.77	  35.39	  21.81
  -6.69	  35.34	  21.58
  -6.61	  35.46	  22.00
  -6.52	  35.50	  22.12
  -6.41	  35.47	  22.01
  -6.30	  35.43	  21.81
  -6.21	  35.39	  21.65
  -6.11	  35.40	  21.72
  -6.01	  35.40	  21.68
  -5.91	  35.41	  21.70
  -5.81	  35.37	  21.56
  -5.71	  35.34	  21.43
  -5.62	  35.35	  21.47
  -5.53	  35.36	  21.50
  -5.43	  35.39	  21.59
  -5.33	  35.36	  21.48
  -5.24	  35.35	  21.46
  -5.14	  35.32	  21.36
  -5.04	  35.31	  21.32
  -4.94	  35.05	  20.22
  -4.71	  34.60	  18.65
  -4.45	  33.77	  15.91
  -4.38	  34.39	  17.69
  -4.50	  34.67	  18.73
  -4.42	  35.17	  20.63
  -4.34	  35.22	  21.18
  -4.30	  35.24	  21.33
  -4.19	  35.28	  21.48
  -4.08	  35.29	  21.41
  -3.94	  35.05	  20.54
  -3.78	  34.53	  18.71
  -3.69	  34.26	  17.74
  -3.58	  34.22	  17.49
  -3.47	  33.86	  16.40
  -3.45	  34.14	  17.31
  -3.38	  34.20	  17.54
  -3.33	  34.17	  17.39
  -3.25	  35.06	  20.35
  -3.20	  35.08	  20.38
  -3.09	  35.33	  21.35
  -2.98	  35.36	  21.63
  -2.93	  35.24	  21.31
  -2.79	  35.36	  21.61
  -2.63	  35.44	  21.93
  -2.55	  35.30	  21.36
  -2.44	  35.49	  22.06
  -2.33	  35.35	  21.54
  -2.24	  35.30	  21.37
  -2.13	  35.41	  21.74
  -2.02	  35.44	  21.88
  -1.89	  35.32	  21.46
  -1.77	  35.04	  20.38
  -1.69	  34.79	  19.36
  -1.56	  35.10	  20.55
  -1.47	  35.28	  21.36
  -1.40	  35.25	  21.23
  -1.30	  35.30	  21.38
  -1.21	  35.30	  21.31
  -1.10	  35.29	  21.29
  -0.99	  35.26	  21.19
  -0.90	  35.19	  20.93
  -0.81	  35.23	  21.06
  -0.69	  35.26	  21.12
  -0.59	  35.24	  21.06
  -0.48	  35.23	  21.03
  -0.39	  35.15	  20.73
  -0.30	  35.09	  20.55
  -0.18	  35.19	  20.94
  -0.11	  35.16	  20.79
  -0.02	  35.18	  20.80
   0.10	  35.22	  20.96
   0.20	  35.19	  20.85
   0.28	  35.13	  20.69
   0.38	  35.11	  20.61
   0.49	  35.04	  20.33
   0.60	  35.03	  20.35
   0.69	  34.87	  19.76
   0.82	  34.33	  17.83
   0.89	  33.78	  16.04
   0.94	  32.95	  13.42
   1.11	  33.16	  14.10
   1.11	  33.26	  14.51
   1.21	  33.76	  16.16
   1.31	  34.68	  19.12
   1.34	  34.68	  19.42
   1.52	  34.82	  19.97
   1.61	  34.71	  19.51
   1.65	  34.57	  19.06
   1.79	  34.73	  19.54
   1.96	  34.64	  19.31
   1.99	  34.27	  18.24
   2.15	  34.54	  18.93
   2.19	  33.46	  15.69
   2.30	  34.00	  17.28
   2.38	  34.28	  17.99
   2.47	  34.52	  18.86
   2.64	  35.89	  24.27
   2.55	  34.96	  21.15
   2.76	  35.06	  21.29
   2.91	  34.72	  19.57
   2.90	  34.33	  18.25
   3.21	  34.61	  19.09
   3.30	  34.44	  18.62
   3.30	  34.37	  18.49
   3.42	  34.53	  19.03
   3.54	  34.67	  19.49
   3.62	  34.73	  19.58
   3.73	  34.94	  20.26
   3.85	  35.07	  20.73
   3.94	  35.04	  20.64
   4.06	  35.11	  20.98
   4.14	  35.15	  21.07
   4.28	  35.10	  20.88
   4.37	  35.00	  20.57
   4.48	  34.83	  19.93
   4.59	  34.59	  19.13
   4.67	  34.47	  18.72
   4.79	  34.69	  19.45
   4.88	  34.70	  19.50
   4.99	  34.74	  19.65
   5.10	  34.71	  19.55
   5.15	  34.58	  19.07
   5.28	  34.61	  19.18
   5.37	  34.50	  18.79
   5.42	  34.37	  18.40
   5.54	  34.33	  18.22
   5.58	  33.98	  17.13
   5.68	  34.01	  17.16
   5.82	  33.36	  14.82
   5.70	  32.54	  12.66
   6.03	  34.39	  18.39
   6.18	  34.87	  19.95
   6.19	  34.80	  19.71
   6.31	  34.95	  20.44
   6.41	  34.80	  19.94
   6.51	  34.60	  19.24
   6.64	  34.53	  19.03
   6.63	  34.04	  17.27
   6.82	  33.86	  16.83
   6.90	  33.92	  16.68
   6.95	  33.29	  14.64
   6.89	  32.96	  13.56
   7.13	  33.10	  13.93
   7.24	  32.94	  13.61
   7.00	  32.31	  12.21
   7.16	  33.54	  15.53
   7.58	  34.97	  20.15
   7.60	  34.58	  18.92
   7.67	  34.74	  19.69
   7.85	  35.20	  21.51
   7.91	  34.79	  20.16
   8.05	  34.99	  20.70
   8.20	  35.10	  21.01
   8.32	  35.10	  21.07
   8.46	  35.08	  20.97
   8.52	  34.72	  19.81
   8.60	  34.38	  18.66
   8.76	  34.28	  18.29
   8.87	  34.73	  19.72
   8.92	  34.93	  20.24
   9.11	  35.32	  21.80
   9.21	  35.13	  21.15
   9.31	  35.12	  21.03
   9.47	  35.20	  21.28
   9.55	  35.04	  20.75
   9.65	  35.01	  20.59
   9.79	  35.01	  20.59
   9.87	  34.79	  19.83
   9.96	  34.63	  19.43
  10.03	  34.32	  18.50
  10.17	  34.24	  17.94
  10.17	  33.88	  16.87
  10.28	  33.92	  16.55
   9.73	  31.23	   9.67
  11.00	  33.42	  16.01
  11.07	  33.74	  16.90
  11.06	  33.95	  17.61
  11.31	  34.46	  19.39
  11.36	  34.33	  18.77
  11.52	  34.47	  19.11
  11.59	  34.23	  18.33
  11.49	  33.39	  15.52
  11.70	  33.37	  15.71
  11.73	  33.23	  14.80
  11.83	  33.18	  14.69
  11.71	  32.81	  13.58
  12.16	  34.44	  18.62
  12.17	  34.10	  17.57
  12.22	  34.21	  17.86
  12.47	  34.58	  19.11
  12.53	  34.49	  18.98
  12.69	  34.72	  19.72
  12.82	  34.77	  19.90
  12.92	  34.76	  19.89
  13.08	  34.94	  20.58
  13.13	  34.71	  19.83
  13.28	  34.62	  19.45
  13.23	  34.12	  17.77
  13.33	  33.97	  17.30
  13.53	  34.47	  18.90
  13.73	  34.78	  19.81
  13.81	  34.84	  20.01
  13.91	  34.82	  19.96
  14.06	  34.86	  20.10
  14.14	  34.71	  19.64
  14.23	  34.68	  19.47
  14.35	  34.72	  19.61
  14.47	  34.74	  19.66
  14.57	  34.68	  19.43
  14.65	  34.59	  19.11
  14.75	  34.57	  19.03
  14.80	  34.40	  18.54
  14.89	  34.18	  17.77
  15.00	  33.74	  16.06
  13.75	  29.14	   4.86
  15.07	  31.51	  10.25
  14.78	  30.99	   9.27
  14.77	  31.11	   9.55
  14.97	  31.33	  10.05
  15.14	  31.47	  10.46
  15.45	  32.45	  12.96
  15.82	  33.52	  16.01
  15.82	  33.02	  14.64
  15.97	  33.09	  14.84
  16.14	  33.59	  16.34
  16.24	  34.02	  17.74
  16.52	  34.33	  18.60
  16.65	  34.45	  19.15
  16.80	  34.45	  19.27
  16.88	  34.40	  19.12
  17.01	  34.36	  18.85
  17.01	  33.97	  17.53
  16.93	  33.48	  15.96
  16.99	  33.16	  15.11
  16.87	  32.50	  12.95
  17.13	  32.71	  13.61
  16.77	  31.85	  11.37
  17.27	  32.81	  13.82
  17.72	  34.04	  17.48
  17.74	  33.98	  17.31
  17.94	  34.12	  17.67
  18.14	  34.26	  18.24
  18.19	  34.24	  18.29
  18.35	  34.34	  18.66
  18.49	  34.40	  18.84
  18.59	  34.37	  18.68
  18.74	  34.49	  19.05
  18.85	  34.48	  19.04
  19.01	  34.44	  18.88
  18.93	  33.99	  17.36
  18.88	  33.65	  16.40
  19.20	  34.07	  17.67
  19.47	  34.43	  18.83
  19.51	  34.46	  18.98
  19.69	  34.55	  19.38
  19.68	  34.34	  18.71
  19.88	  34.48	  18.97
  20.02	  34.48	  18.91
  20.00	  34.24	  18.14
  20.18	  34.40	  18.61
  20.39	  34.50	  19.00
  20.36	  34.28	  18.32
  20.50	  34.37	  18.50
  20.69	  34.45	  18.79
  20.72	  34.31	  18.35
  20.79	  34.23	  18.05
  20.88	  34.19	  17.93
  21.09	  34.44	  18.72
  21.26	  34.51	  18.95
  21.23	  34.28	  18.22
  21.30	  34.24	  18.08
  21.47	  34.33	  18.33
  21.57	  34.30	  18.28
  21.62	  34.21	  18.01
  21.71	  34.26	  18.06
  21.79	  34.13	  17.70
  21.77	  33.96	  17.07
  21.73	  33.46	  15.63
  21.66	  33.13	  14.64
  20.95	  31.47	  10.16
  21.43	  32.10	  11.64
  21.55	  32.46	  12.80
  22.63	  34.74	  19.48
  22.59	  34.29	  18.11
  22.65	  34.30	  18.27
  23.00	  34.56	  19.23
  22.82	  34.07	  17.69
  22.68	  33.58	  16.10
  22.78	  33.22	  15.03
  22.31	  32.22	  12.21
  22.22	  31.98	  11.54
  22.56	  32.28	  12.23
  22.61	  32.39	  12.69
  23.35	  33.95	  16.94
  23.58	  34.18	  17.64
  23.77	  34.15	  17.81
  23.82	  34.18	  17.93
  23.97	  34.24	  18.16
  24.07	  34.22	  17.99
  24.26	  34.31	  18.29
  24.42	  34.37	  18.48
  24.51	  34.34	  18.49
  24.62	  34.35	  18.52
  24.76	  34.39	  18.62
  24.90	  34.45	  18.76
  25.05	  34.50	  18.95
  25.14	  34.42	  18.73
  25.17	  34.28	  18.27
  25.06	  33.96	  17.23
  25.34	  34.16	  17.86
  25.43	  34.20	  17.97
  25.65	  34.38	  18.51
  25.87	  34.49	  18.94
  25.86	  34.38	  18.58
  26.04	  34.47	  18.88
  26.14	  34.43	  18.73
  26.17	  34.32	  18.37
  26.27	  34.29	  18.28
  26.39	  34.29	  18.25
  26.42	  34.16	  17.82
  26.37	  33.92	  17.13
  25.98	  33.10	  14.55
  26.28	  33.27	  14.90
  26.19	  32.93	  14.11
  26.28	  33.13	  14.47
  27.01	  34.12	  17.50
  26.95	  33.96	  17.26
  26.73	  33.39	  15.64
  27.18	  33.89	  17.01
  26.76	  33.10	  14.73
  26.82	  32.99	  14.36
  25.02	  30.00	   6.90
  25.07	  29.23	   5.32
  22.83	  26.13	  -0.88
  22.80	  26.18	  -0.53
  23.41	  27.38	   1.88
  24.83	  29.91	   6.68
  26.05	  31.66	  11.22
  27.77	  34.21	  18.55
  26.92	  33.04	  15.17
  27.75	  33.90	  17.63
  27.21	  32.86	  14.52
  25.97	  30.70	   8.80
  26.85	  31.56	  10.91
  26.25	  30.73	   8.97
  26.06	  30.52	   8.44
  26.88	  31.76	  11.46
  28.62	  33.85	  17.26
  28.36	  33.60	  16.66
  28.79	  34.00	  18.15
  28.86	  33.94	  18.05
  29.06	  34.02	  18.23
  29.24	  34.05	  18.24
  29.25	  33.92	  17.78
  29.36	  33.84	  17.48
  29.03	  33.21	  15.44
  29.30	  33.41	  16.11
  29.68	  33.75	  17.14
  29.81	  33.83	  17.35
  30.16	  34.17	  18.45
  30.12	  34.00	  17.82
  30.28	  34.02	  17.74
  30.50	  34.10	  18.00
  30.45	  33.91	  17.41
  30.50	  33.85	  17.21
  30.68	  33.94	  17.42
  30.71	  33.83	  17.06
  30.80	  33.77	  16.93
  30.70	  33.42	  15.93
  29.84	  31.70	  10.51
  27.32	  27.38	   1.81
  27.32	  27.86	   2.52
  28.47	  30.23	   7.07
  29.15	  31.43	  10.03
  30.76	  33.73	  16.26
  31.15	  34.09	  17.58
  31.37	  34.15	  17.93
  31.28	  33.84	  17.02
  31.01	  33.25	  15.31
  30.90	  32.81	  13.95
  30.17	  31.70	  10.98
  29.94	  31.20	   9.48
  29.85	  30.89	   8.64
  30.18	  31.14	   9.39
  30.01	  30.93	   8.93
  30.33	  31.42	  10.26
  30.70	  31.83	  11.39
  31.05	  32.13	  12.33
  31.45	  32.69	  13.99
  32.64	  34.09	  18.15
  32.56	  33.81	  17.31
  32.47	  33.63	  16.59
  32.95	  34.00	  17.75
  32.88	  33.77	  17.10
  32.95	  33.70	  16.89
  32.99	  33.59	  16.50
  32.90	  33.34	  15.67
  33.05	  33.35	  15.74
  33.27	  33.50	  16.22
  33.68	  33.80	  17.20
  33.72	  33.77	  17.04
  33.90	  33.85	  17.29
  34.03	  33.86	  17.33
  34.06	  33.76	  17.00
  34.20	  33.79	  17.04
  34.41	  33.89	  17.33
  34.45	  33.81	  17.08
  34.48	  33.73	  16.81
  34.60	  33.74	  16.77
  34.66	  33.68	  16.59
  34.63	  33.54	  16.19
  34.65	  33.44	  15.81
  34.05	  32.51	  13.05
  32.69	  30.45	   7.74
  32.36	  30.00	   6.61
  33.19	  31.01	   9.10
  34.52	  32.66	  13.50
  34.91	  33.17	  15.21
  35.34	  33.60	  16.41
  35.65	  33.72	  16.90
  35.39	  33.37	  15.81
  35.65	  33.50	  16.16
  35.24	  32.89	  14.39
  34.90	  32.41	  13.02
  34.70	  31.73	  11.19
  33.59	  30.34	   7.84
  34.31	  31.31	  10.07
  35.16	  32.14	  12.20
  35.29	  32.33	  12.74
  35.73	  32.86	  14.39
  36.61	  33.73	  16.86
  36.51	  33.49	  16.10
  36.81	  33.69	  16.70
  37.08	  33.81	  17.10
  37.10	  33.72	  16.84
  37.15	  33.67	  16.70
  37.46	  33.86	  17.33
  37.33	  33.64	  16.61
  37.38	  33.56	  16.32
  37.27	  33.32	  15.47
  37.05	  32.94	  14.42
  37.37	  33.18	  15.19
  37.80	  33.55	  16.29
  38.11	  33.73	  16.89
  38.23	  33.77	  17.05
  38.39	  33.83	  17.23
  38.48	  33.79	  17.05
  38.51	  33.72	  16.82
  38.60	  33.69	  16.66
  38.35	  33.35	  15.61
  38.38	  33.29	  15.33
  38.37	  33.17	  14.94
  38.10	  32.70	  13.40
  36.03	  30.07	   6.82
  34.87	  28.72	   3.90
  34.41	  29.96	   5.42
  36.36	  33.87	  13.84
  36.28	  33.82	  14.38
  37.61	  35.07	  18.54
  38.54	  35.70	  21.30
  38.21	  35.26	  19.84
  38.40	  35.22	  19.88
  38.53	  35.08	  19.57
  37.63	  33.86	  15.77
  36.16	  31.93	  10.15
  35.69	  31.34	   8.74
  36.09	  32.17	  10.56
  36.53	  32.62	  11.92
  36.88	  32.88	  12.87
  36.76	  32.71	  12.59
  36.67	  32.56	  12.18
  36.86	  32.65	  12.51
  37.65	  33.42	  14.75
  38.11	  33.73	  16.01
  38.78	  34.34	  17.98
  39.87	  35.14	  20.73
  39.95	  35.10	  20.71
  40.02	  34.94	  20.45
  40.29	  35.04	  20.82
  40.26	  34.87	  20.22
  39.76	  34.33	  18.35
  39.99	  34.38	  18.41
  40.09	  34.34	  18.23
  40.16	  34.29	  18.05
  40.07	  34.13	  17.54
  40.50	  34.41	  18.45
  40.90	  34.68	  19.42
  40.95	  34.66	  19.29
  41.10	  34.69	  19.26
  41.19	  34.65	  19.14
  41.18	  34.56	  18.82
  41.27	  34.51	  18.70
  41.17	  34.32	  18.07
  40.71	  33.79	  16.15
  37.83	  30.19	   6.90
  38.25	  30.35	   7.24
  38.50	  30.72	   8.34
  39.54	  31.81	  11.21
  40.77	  33.11	  14.69
  41.57	  33.85	  16.90
  42.14	  34.17	  18.02
  41.41	  33.50	  15.87
  42.19	  34.08	  17.67
  42.28	  34.04	  17.56
  41.85	  33.59	  16.14
  40.90	  32.54	  13.05
  41.25	  32.75	  13.31
  40.91	  32.20	  11.95
  40.16	  31.46	   9.99
  41.04	  32.25	  11.94
  41.45	  32.53	  12.70
  41.02	  32.11	  11.84
  41.63	  32.74	  13.47
  42.86	  33.64	  16.45
  43.68	  34.36	  18.59
  43.69	  34.19	  18.31
  43.62	  34.11	  17.89
  44.11	  34.40	  18.65
  44.12	  34.30	  18.27
  44.23	  34.27	  18.23
  43.82	  33.84	  16.86
  43.76	  33.67	  16.37
  43.94	  33.74	  16.60
  44.37	  33.99	  17.36
  44.41	  33.97	  17.21
  44.58	  34.03	  17.46
  44.74	  34.05	  17.50
  44.85	  34.06	  17.49
  44.73	  33.89	  16.91
  44.78	  33.83	  16.78
  44.74	  33.74	  16.44
  44.84	  33.76	  16.40
  44.80	  33.63	  15.99
  44.65	  33.40	  15.29
  44.82	  33.46	  15.46
  44.64	  33.24	  14.89
  44.94	  33.43	  15.37
  45.45	  33.72	  16.27
  45.36	  33.62	  15.95
  45.64	  33.75	  16.43
  45.82	  33.77	  16.63
  46.13	  33.99	  17.22
  46.29	  34.03	  17.38
  46.34	  33.99	  17.23
  46.31	  33.90	  16.94
  46.47	  33.98	  17.13
  47.13	  34.33	  18.36
  46.85	  34.06	  17.53
  46.76	  33.88	  16.98
  46.25	  33.43	  15.54
  46.90	  33.82	  16.70
  46.58	  33.50	  15.76
  47.22	  33.99	  17.18
  47.54	  34.18	  17.68
  47.58	  34.11	  17.48
  47.38	  33.90	  16.86
  47.66	  34.04	  17.27
  47.83	  34.09	  17.43
  47.93	  34.08	  17.42
  48.01	  34.07	  17.40
  47.53	  33.63	  16.06
  47.35	  33.36	  15.28
  47.38	  33.32	  15.11
  47.73	  33.51	  15.72
  48.36	  33.97	  17.08
  48.64	  34.12	  17.60
  49.13	  34.36	  18.50
  49.10	  34.29	  18.26
  49.01	  34.16	  17.81
  49.52	  34.41	  18.60
  49.40	  34.26	  18.11
  49.16	  34.06	  17.44
  49.55	  34.24	  17.97
  49.50	  34.10	  17.60
  49.09	  33.75	  16.49
  49.35	  33.83	  16.73
  49.07	  33.58	  15.89
  48.86	  33.32	  15.11
  48.86	  33.23	  14.79
  48.59	  32.92	  13.99
  48.28	  32.54	  12.76
  46.60	  30.90	   8.60
  46.78	  31.04	   8.79
  46.71	  31.08	   8.90
  48.54	  32.56	  12.90
  49.01	  33.00	  14.34
  50.03	  33.75	  16.63
  49.98	  33.65	  16.23
  50.73	  34.17	  17.67
  50.78	  34.05	  17.47
  51.03	  34.14	  17.86
  50.30	  33.47	  15.89
  49.26	  32.55	  12.88
  49.92	  32.99	  14.09
  49.53	  32.72	  13.39
  51.10	  33.81	  16.66
  50.16	  33.04	  14.50
  49.90	  32.71	  13.59
  50.30	  32.97	  14.21
  51.27	  33.64	  16.31
  51.23	  33.53	  16.18
  52.05	  34.05	  17.62
  52.32	  34.18	  18.07
  52.36	  34.14	  17.91
  52.55	  34.21	  18.08
  52.60	  34.12	  17.81
  51.07	  32.95	  14.26
  51.95	  33.53	  15.82
  51.85	  33.38	  15.50
  51.84	  33.34	  15.38
  52.69	  33.88	  16.91
  52.75	  33.86	  16.86
  52.34	  33.48	  15.75
  51.29	  32.60	  13.13
  52.05	  33.12	  14.62
  52.36	  33.24	  15.10
  52.70	  33.46	  15.82
  53.32	  33.85	  17.01
  53.95	  34.21	  18.25
  54.27	  34.36	  18.53
  53.48	  33.77	  16.69
  53.54	  33.62	  16.43
  53.08	  33.23	  15.17
  53.17	  33.25	  15.23
  53.12	  33.14	  15.00
  53.16	  33.14	  14.95
  54.13	  33.80	  16.78
  54.39	  33.89	  17.04
  54.42	  33.88	  17.07
  54.76	  34.04	  17.53
  54.90	  34.09	  17.62
  55.18	  34.21	  17.99
  55.19	  34.15	  17.87
  55.52	  34.28	  18.33
  55.58	  34.24	  18.20
  55.59	  34.19	  18.00
  54.67	  33.46	  15.85
  55.49	  33.91	  17.26
  55.16	  33.69	  16.52
  56.21	  34.32	  18.27
  56.11	  34.17	  18.03
  55.97	  34.04	  17.64
  56.22	  34.13	  17.91
  56.26	  34.09	  17.76
  55.88	  33.77	  16.78
  56.27	  33.96	  17.35
  56.12	  33.80	  16.85
  55.88	  33.60	  16.19
  56.39	  33.85	  16.83
  55.63	  33.29	  15.25
  55.38	  33.08	  14.51
  54.94	  32.71	  13.29
  53.82	  31.87	  10.78
  55.30	  32.77	  13.38
  55.58	  32.91	  14.09
  56.72	  33.63	  16.25
  56.74	  33.55	  16.26
  57.28	  33.87	  17.13
  57.12	  33.66	  16.58
  56.01	  32.85	  14.08
  55.96	  32.79	  13.76
  55.89	  32.70	  13.45
  56.15	  32.86	  13.84
  56.67	  33.14	  14.67
  56.99	  33.29	  15.20
  57.41	  33.54	  15.98
  57.99	  33.82	  16.86
  58.05	  33.77	  16.93
  58.21	  33.86	  17.14
  58.50	  33.95	  17.40
  58.72	  34.01	  17.70
  58.46	  33.78	  17.00
  57.95	  33.39	  15.83
  58.55	  33.68	  16.70
  58.46	  33.63	  16.41
  59.04	  33.95	  17.36
  59.26	  33.98	  17.54
  59.45	  34.07	  17.81
  59.27	  33.89	  17.27
  59.22	  33.80	  16.97
  59.04	  33.57	  16.32
  58.54	  33.20	  15.15
  58.56	  33.21	  14.91
  57.73	  32.58	  12.95
  58.49	  33.07	  14.49
  58.99	  33.35	  15.55
  60.08	  34.00	  17.31
  59.74	  33.70	  16.58
  60.23	  33.87	  17.27
  59.10	  33.12	  14.97
  58.86	  32.99	  14.20
  58.97	  33.00	  14.25
  58.39	  32.54	  13.01
  59.03	  32.99	  14.03
  59.78	  33.40	  15.21
  59.82	  33.37	  15.30
  60.33	  33.55	  16.09
  60.42	  33.55	  16.23
  60.59	  33.60	  16.47
  60.96	  33.79	  16.95
  61.29	  33.94	  17.39
  61.68	  34.10	  17.88
  62.10	  34.28	  18.44
  62.00	  34.18	  18.17
  62.15	  34.20	  18.17
  60.80	  33.30	  15.57
  61.05	  33.40	  15.90
  62.35	  34.12	  18.01
  61.14	  33.40	  15.61
  61.54	  33.54	  16.03
  61.28	  33.32	  15.41
  61.02	  33.14	  14.87
  61.81	  33.55	  16.16
  62.21	  33.77	  16.80
  62.61	  33.97	  17.38
  62.77	  33.99	  17.54
  62.77	  33.94	  17.37
  62.81	  33.92	  17.26
  62.90	  33.92	  17.24
  62.68	  33.72	  16.62
  62.76	  33.70	  16.58
  62.67	  33.60	  16.26
  62.19	  33.27	  15.27
  62.07	  33.11	  14.84
  62.32	  33.22	  15.06
  62.02	  32.99	  14.35
  61.17	  32.45	  12.61
  61.60	  32.67	  13.13
  61.27	  32.42	  12.45
  62.59	  33.23	  14.68
  62.46	  33.15	  14.69
  63.20	  33.49	  15.62
  63.49	  33.58	  15.99
  63.65	  33.63	  16.20
  63.88	  33.68	  16.46
  62.58	  32.81	  13.91
  62.53	  32.74	  13.45
  62.20	  32.50	  12.79
  62.89	  32.92	  13.91
  62.99	  32.92	  14.01
  64.05	  33.51	  15.83
  64.02	  33.44	  15.67
  64.43	  33.59	  16.30
  64.97	  33.84	  17.04
  65.30	  33.98	  17.56
  65.36	  33.97	  17.52
  65.93	  34.23	  18.38
  65.95	  34.20	  18.25
  66.02	  34.14	  18.11
  64.48	  33.12	  15.12
  64.82	  33.34	  15.57
  65.79	  33.88	  17.19
  65.88	  33.94	  17.20
  66.25	  34.09	  17.71
  66.58	  34.20	  18.13
  66.59	  34.15	  17.98
  66.57	  34.09	  17.76
  66.54	  34.04	  17.59
  66.74	  34.06	  17.71
  66.76	  34.04	  17.58
  67.00	  34.13	  17.82
  66.99	  34.07	  17.65
  66.95	  34.01	  17.45
  67.13	  34.05	  17.58
  66.50	  33.58	  16.26
  65.24	  32.85	  13.80
  64.26	  32.23	  11.84
  64.13	  32.10	  11.45
  66.14	  33.25	  14.77
  66.13	  33.18	  14.86
  67.14	  33.68	  16.55
  67.39	  33.78	  16.99
  67.61	  33.92	  17.12
  67.72	  33.89	  17.09
  66.84	  33.27	  15.50
  66.12	  32.88	  14.11
  66.03	  32.72	  13.68
  65.49	  32.44	  12.54
  66.38	  32.95	  13.88
  66.48	  32.94	  14.00
  67.40	  33.45	  15.57
  67.68	  33.50	  15.84
  67.93	  33.58	  16.37
  68.49	  33.85	  17.18
  68.45	  33.77	  16.93
  68.90	  33.98	  17.52
  69.13	  34.03	  17.69
  68.90	  33.89	  17.14
  67.72	  33.15	  14.99
  67.81	  33.14	  14.83
  68.21	  33.31	  15.42
  68.49	  33.42	  15.92
  69.38	  33.90	  17.39
  69.71	  34.06	  17.77
  70.15	  34.25	  18.33
  70.12	  34.19	  18.14
  70.17	  34.16	  18.05
  70.20	  34.15	  17.94
  70.29	  34.15	  17.92
  70.31	  34.11	  17.80
  70.37	  34.10	  17.75
  70.41	  34.08	  17.65
  70.52	  34.09	  17.68
  70.38	  33.97	  17.25
  69.57	  33.42	  15.71
  69.54	  33.35	  15.51
  69.41	  33.25	  15.16
  69.10	  32.98	  14.41
  68.93	  32.86	  14.06
  68.99	  32.93	  13.86
  68.28	  32.51	  12.45
  68.53	  32.65	  12.81
  69.69	  33.17	  14.76
  70.34	  33.53	  15.85
  70.66	  33.67	  16.23
  71.89	  34.22	  18.30
  71.53	  33.97	  17.59
  71.96	  34.15	  18.15
  70.57	  33.32	  15.60
  69.31	  32.53	  13.08
  69.57	  32.71	  13.32
  68.86	  32.21	  12.00
  69.26	  32.46	  12.71
  70.16	  32.96	  14.15
  70.17	  32.80	  14.03
  70.48	  33.08	  14.44
  71.15	  33.39	  15.35
  71.12	  33.28	  15.31
  71.65	  33.54	  16.12
  71.97	  33.64	  16.50
  72.21	  33.76	  16.77
  72.26	  33.69	  16.70
  71.48	  33.14	  15.24
  71.16	  32.96	  14.50
  71.71	  33.22	  15.30
  71.81	  33.28	  15.41
  72.48	  33.64	  16.32
  72.64	  33.65	  16.46
  72.74	  33.67	  16.56
  73.02	  33.78	  16.88
  72.93	  33.67	  16.56
  72.85	  33.58	  16.26
  72.81	  33.49	  16.05
  72.81	  33.45	  15.93
  72.85	  33.43	  15.84
  72.84	  33.36	  15.68
  72.50	  33.14	  14.95
  72.20	  32.93	  14.34
  71.21	  32.42	  12.52
  71.96	  32.77	  13.49
  71.13	  32.17	  12.03
  71.47	  32.34	  12.39
  70.83	  31.87	  11.13
  71.41	  32.32	  12.19
  73.28	  33.46	  15.18
  72.75	  32.99	  14.25
  73.35	  33.24	  15.20
  73.60	  33.31	  15.48
  73.58	  33.24	  15.32
  73.58	  33.21	  15.14
  72.40	  32.50	  12.98
  72.56	  32.55	  13.03
  72.58	  32.57	  12.97
  72.87	  32.75	  13.36
  73.49	  33.05	  14.27
  73.93	  33.27	  14.88
  74.36	  33.40	  15.49
  74.80	  33.55	  16.14
  75.11	  33.64	  16.57
  75.41	  33.77	  16.93
  75.57	  33.81	  17.01
  75.33	  33.60	  16.44
  74.69	  33.24	  15.30
  75.48	  33.62	  16.43
  75.68	  33.70	  16.61
  75.81	  33.72	  16.68
  75.78	  33.66	  16.48
  75.61	  33.49	  16.00
  74.98	  33.13	  14.85
  75.09	  33.10	  14.88
  76.18	  33.67	  16.65
  77.01	  34.03	  17.89
  77.27	  34.16	  18.26
  77.37	  34.17	  18.22
  77.30	  34.12	  17.93
  77.36	  34.10	  17.85
  77.38	  34.06	  17.73
  77.01	  33.79	  16.95
  76.61	  33.53	  16.17
  77.14	  33.77	  16.90
  77.18	  33.76	  16.82
  77.12	  33.70	  16.61
  76.90	  33.54	  16.14
  76.75	  33.40	  15.72
  76.72	  33.32	  15.52
  76.54	  33.21	  15.13
  76.39	  33.10	  14.72
  75.89	  32.74	  13.65
  75.41	  32.42	  12.77
  75.61	  32.51	  13.02
  75.58	  32.45	  12.87
  74.26	  31.59	  10.23
  72.53	  30.14	   7.07
  73.22	  30.65	   8.41
  75.35	  32.19	  12.03
  76.21	  32.63	  13.35
  76.12	  32.53	  13.25
  77.35	  33.18	  15.21
  76.77	  32.77	  14.24
  77.24	  32.99	  14.78
  75.87	  32.12	  12.30
  75.76	  32.04	  12.02
  76.23	  32.29	  12.64
  75.98	  32.11	  12.11
  76.96	  32.72	  13.61
  76.70	  32.52	  13.11
  77.41	  32.89	  14.15
  77.57	  32.91	  14.31
  77.97	  33.08	  14.84
  78.37	  33.24	  15.39
  78.38	  33.19	  15.27
  78.68	  33.32	  15.65
  78.80	  33.32	  15.69
  78.18	  32.89	  14.56
  77.95	  32.75	  14.07
  78.11	  32.79	  14.16
  78.48	  32.96	  14.64
  79.57	  33.54	  16.29
  79.60	  33.49	  16.22
  80.09	  33.72	  16.92
  80.11	  33.70	  16.81
  79.93	  33.55	  16.40
  80.01	  33.56	  16.36
  80.17	  33.60	  16.44
  79.51	  33.18	  15.26
  78.97	  32.83	  14.27
  78.48	  32.38	  13.17
  77.06	  31.59	  10.70
  76.40	  31.14	   9.35
  75.66	  30.43	   7.96
  78.97	  32.66	  13.44
  78.90	  32.58	  13.41
  79.03	  32.63	  13.57
  79.69	  32.88	  14.50
  78.94	  32.42	  13.20
  79.56	  32.73	  14.04
  78.14	  31.88	  11.50
  78.23	  31.86	  11.52
  78.89	  32.18	  12.51
  78.50	  31.94	  11.81
  79.52	  32.57	  13.35
  79.18	  32.33	  12.73
  79.37	  32.42	  12.94
  80.15	  32.79	  14.04
  79.79	  32.56	  13.38
  80.75	  33.02	  14.77
  80.41	  32.77	  14.20
  80.95	  33.04	  14.96
  81.66	  33.31	  15.89
  80.73	  32.75	  14.35
  80.44	  32.50	  13.65
  80.34	  32.43	  13.38
  80.39	  32.41	  13.34
  81.26	  32.92	  14.71
  81.81	  33.16	  15.50
  81.80	  33.07	  15.31
  81.11	  32.60	  14.04
  80.56	  32.24	  13.07
  82.33	  33.30	  15.74
  82.19	  33.18	  15.43
  82.66	  33.41	  16.13
  82.76	  33.41	  16.12
  82.58	  33.30	  15.73
  82.85	  33.39	  15.99
  82.77	  33.29	  15.73
  82.82	  33.25	  15.62
  79.68	  31.24	  10.40
  81.33	  32.19	  12.91
  81.10	  32.08	  12.49
  82.48	  32.92	  14.62
  82.89	  33.11	  15.24
  82.68	  32.90	  14.84
  82.30	  32.61	  14.07
  82.12	  32.49	  13.66
  82.01	  32.37	  13.28
  81.42	  31.91	  12.16
  81.77	  32.18	  12.53
  81.17	  31.74	  11.54
  80.48	  31.32	  10.21
  78.67	  29.96	   6.86
  79.94	  30.75	   8.92
  81.97	  32.12	  12.45
  81.82	  32.06	  12.13
  82.81	  32.59	  13.63
  82.09	  31.99	  12.38
  81.89	  31.83	  12.02
  81.54	  31.51	  11.23
  81.41	  31.49	  11.00
  81.55	  31.45	  10.93
  81.32	  31.29	  10.48
  81.68	  31.54	  10.99
  82.09	  31.76	  11.56
  82.25	  31.84	  11.77
  82.62	  31.98	  12.24
  82.83	  32.10	  12.51
  83.40	  32.35	  13.35
  83.66	  32.45	  13.67
  84.13	  32.65	  14.30
  84.06	  32.59	  14.08
  84.52	  32.82	  14.71
  84.07	  32.50	  13.80
  83.20	  31.84	  12.21
  83.36	  31.92	  12.30
  83.49	  31.98	  12.41
  84.02	  32.25	  13.19
  84.11	  32.26	  13.32
  84.42	  32.43	  13.71
  84.36	  32.37	  13.44
  84.57	  32.46	  13.63
  84.64	  32.47	  13.65
  84.89	  32.56	  13.93
  84.83	  32.47	  13.68
  85.00	  32.53	  13.87
  85.16	  32.58	  13.97
  84.73	  32.27	  13.14
  84.73	  32.22	  13.00
  84.40	  31.93	  12.29
  83.53	  31.45	  10.85
  84.13	  31.74	  11.55
  83.56	  31.19	  10.52
  84.08	  31.50	  11.25
  82.28	  30.33	   8.16
  84.21	  31.68	  11.21
  80.89	  29.41	   5.62
  79.77	  27.84	   3.21
  79.47	  27.64	   2.96
  80.20	  28.35	   4.43
  81.37	  29.33	   6.44
  81.23	  29.22	   6.16
  81.05	  29.02	   5.75
  82.59	  30.13	   8.26
  81.91	  29.60	   7.20
  82.59	  30.15	   8.23
  82.69	  30.14	   8.35
  83.02	  30.24	   8.85
  83.52	  30.54	   9.64
  83.42	  30.43	   9.33
  83.39	  30.37	   9.11
  82.91	  30.03	   8.11
  81.51	  28.97	   5.68
  82.04	  29.35	   6.46
  82.43	  29.67	   7.18
  82.96	  30.10	   8.08
  83.30	  30.27	   8.57
  83.66	  30.47	   9.09
  83.84	  30.54	   9.33
  84.52	  30.94	  10.32
  84.47	  30.81	  10.14
  84.62	  30.85	  10.33
  84.72	  30.86	  10.33
  84.51	  30.69	   9.86
  84.37	  30.55	   9.47
  84.77	  30.73	  10.02
  84.82	  30.70	   9.99
  84.87	  30.69	   9.95
  85.25	  30.87	  10.45
  85.37	  30.91	  10.54
  85.39	  30.88	  10.47
  85.50	  30.91	  10.52
  85.49	  30.85	  10.38
  85.49	  30.82	  10.24
  85.32	  30.66	   9.83
  85.36	  30.66	   9.75
  85.28	  30.60	   9.51
  84.64	  30.11	   8.23
  80.36	  26.72	   0.91
  80.43	  26.46	   0.70
  81.66	  28.24	   3.39
  84.24	  30.13	   7.93
  83.02	  29.10	   6.00
  83.18	  29.21	   6.07
  84.70	  30.23	   8.54
  84.91	  30.38	   8.90
  85.66	  30.82	  10.06
  85.82	  30.82	  10.24
  85.52	  30.50	   9.60
  85.04	  30.14	   8.65
  84.09	  29.40	   6.85
  84.73	  29.82	   7.72
  84.70	  29.73	   7.53
  84.45	  29.48	   7.04
  85.02	  29.85	   7.95
  85.22	  29.95	   8.20
  85.52	  30.17	   8.60
  85.83	  30.33	   9.00
  85.88	  30.28	   9.00
  86.40	  30.60	   9.74
  86.49	  30.59	   9.77
  86.75	  30.72	  10.09
  86.51	  30.48	   9.54
  85.94	  30.08	   8.43
  85.80	  29.90	   8.03
  86.61	  30.41	   9.33
  86.86	  30.53	   9.66
  87.29	  30.80	  10.31
  87.40	  30.81	  10.35
  87.22	  30.65	   9.94
  87.35	  30.69	   9.99
  86.96	  30.41	   9.21
  86.54	  30.13	   8.31
  85.39	  29.19	   5.89
  81.61	  25.53	  -0.62
  83.29	  27.49	   2.45
  84.79	  28.73	   5.18
  85.50	  29.26	   6.37
  86.24	  29.80	   7.59
  87.23	  30.45	   9.21
  87.38	  30.48	   9.44
  87.57	  30.52	   9.60
  87.43	  30.35	   9.20
  87.09	  30.02	   8.50
  86.95	  29.83	   8.10
  86.78	  29.73	   7.69
  86.82	  29.75	   7.60
  86.87	  29.68	   7.54
  87.27	  29.90	   8.13
  87.99	  30.37	   9.24
  87.31	  29.79	   8.05
  87.77	  30.10	   8.71
  88.18	  30.33	   9.27
  88.02	  30.20	   8.92
  88.43	  30.46	   9.49
  88.42	  30.40	   9.33
  88.79	  30.60	   9.84
  88.82	  30.58	   9.79
  89.20	  30.79	  10.32
  89.06	  30.64	   9.95
  88.96	  30.52	   9.62
  88.76	  30.33	   9.13
  88.50	  30.11	   8.59
  89.15	  30.49	   9.56
  88.98	  30.30	   9.17
  89.36	  30.50	   9.70
  89.24	  30.40	   9.36
  89.28	  30.40	   9.31
  89.12	  30.27	   8.90
  88.94	  30.12	   8.48
  89.19	  30.29	   8.76
  88.90	  30.07	   8.12
  88.15	  29.45	   6.65
  86.80	  28.20	   4.09
  87.08	  28.29	   4.26
  89.12	  29.98	   8.02
  88.85	  29.74	   7.55
  90.09	  30.55	   9.56
  89.58	  30.11	   8.61
  90.07	  30.40	   9.30
  89.84	  30.15	   8.81
  89.91	  30.18	   8.80
  89.46	  29.80	   7.86
  89.51	  29.73	   7.73
  89.31	  29.55	   7.31
  89.65	  29.76	   7.73
  89.71	  29.75	   7.77
  90.09	  30.01	   8.42
  90.39	  30.19	   8.77
  90.22	  30.03	   8.37
  90.78	  30.36	   9.19
  90.85	  30.36	   9.22
  91.05	  30.46	   9.50
  91.10	  30.42	   9.44
  91.04	  30.33	   9.18
  90.67	  30.00	   8.40
  90.76	  30.03	   8.44
  91.14	  30.22	   8.95
  91.02	  30.06	   8.68
  91.47	  30.32	   9.34
  91.35	  30.21	   8.97
  91.36	  30.17	   8.89
  91.31	  30.09	   8.64
  91.08	  29.89	   8.13
  91.04	  29.82	   7.91
  90.76	  29.57	   7.29
  90.78	  29.49	   7.08
  90.90	  29.56	   7.20
  90.82	  29.50	   7.09
  91.61	  30.07	   8.32
  91.79	  30.11	   8.55
  91.96	  30.16	   8.79
  92.37	  30.37	   9.36
  92.17	  30.19	   8.92
  92.23	  30.14	   8.86
  91.76	  29.76	   7.93
  91.79	  29.73	   7.77
  91.88	  29.73	   7.80
  91.95	  29.75	   7.82
  92.29	  30.01	   8.36
  92.23	  29.93	   8.15
  92.74	  30.29	   8.89
  92.61	  30.13	   8.59
  92.80	  30.21	   8.81
  92.97	  30.26	   8.98
  92.94	  30.18	   8.79
  93.25	  30.31	   9.22
  93.04	  30.09	   8.71
  92.99	  30.00	   8.50
  92.63	  29.69	   7.71
  93.05	  29.89	   8.30
  93.12	  29.94	   8.36
  93.46	  30.11	   8.84
  93.28	  29.93	   8.43
  93.59	  30.13	   8.83
  93.61	  30.10	   8.75
  93.72	  30.12	   8.84
  93.81	  30.14	   8.88
  93.83	  30.13	   8.78
  93.93	  30.16	   8.82
  93.89	  30.07	   8.62
  93.87	  30.00	   8.46
  93.76	  29.88	   8.15
  93.80	  29.87	   8.09
  94.06	  30.01	   8.45
  94.16	  30.06	   8.52
  93.95	  29.87	   8.03
  94.01	  29.86	   7.96
  94.07	  29.78	   7.89
  94.06	  29.76	   7.76
  93.99	  29.61	   7.42
  92.11	  27.98	   3.89
  94.70	  30.20	   8.53
  93.85	  29.43	   6.91
  93.84	  29.39	   6.88
  94.40	  29.74	   7.76
  94.22	  29.53	   7.33
  94.42	  29.65	   7.56
  94.41	  29.59	   7.40
  94.17	  29.34	   6.81
  94.51	  29.53	   7.27
  94.61	  29.57	   7.26
  94.66	  29.58	   7.40
  94.72	  29.60	   7.44
  95.05	  29.81	   7.87
  95.09	  29.81	   7.82
  95.52	  30.04	   8.49
  95.77	  30.14	   8.87
  95.82	  30.09	   8.86
  96.19	  30.34	   9.39
  96.03	  30.16	   8.98
  96.38	  30.39	   9.46
  95.60	  29.74	   7.90
  95.51	  29.63	   7.60
  96.19	  30.05	   8.66
  96.27	  30.07	   8.74
  96.60	  30.28	   9.24
  96.57	  30.18	   9.07
  96.68	  30.23	   9.11
  96.37	  29.96	   8.41
  96.25	  29.85	   8.07
  96.29	  29.85	   7.94
  95.81	  29.46	   6.96
  96.22	  29.75	   7.56
  95.57	  29.17	   6.15
  94.57	  28.10	   4.01
  91.85	  25.49	  -0.85
  93.86	  27.69	   3.01
  94.65	  28.43	   4.53
  96.99	  30.37	   8.84
  96.10	  29.53	   7.17
  96.52	  29.83	   7.90
  96.98	  30.07	   8.53
  96.50	  29.63	   7.58
  97.15	  30.08	   8.58
  96.77	  29.70	   7.75
  96.49	  29.39	   7.13
  97.08	  29.84	   8.05
  97.13	  29.82	   7.93
  96.78	  29.55	   7.21
  97.37	  29.99	   8.18
  97.37	  29.92	   8.13
  97.41	  29.89	   8.06
  97.58	  29.97	   8.24
  97.69	  30.01	   8.30
  97.96	  30.14	   8.67
  97.94	  30.07	   8.54
  98.23	  30.22	   8.90
  98.37	  30.26	   9.01
  98.36	  30.20	   8.89
  98.08	  29.92	   8.24
  98.11	  29.88	   8.13
  98.36	  29.97	   8.45
  98.54	  30.06	   8.73
  98.80	  30.21	   9.06
  98.62	  30.04	   8.59
  98.67	  30.06	   8.57
  98.60	  29.95	   8.28
  98.73	  29.98	   8.39
  98.74	  29.95	   8.29
  98.85	  29.97	   8.33
  98.90	  29.95	   8.29
  98.93	  29.92	   8.24
  98.95	  29.91	   8.15
  98.91	  29.81	   7.92
  98.91	  29.78	   7.82
  98.88	  29.71	   7.60
  98.86	  29.64	   7.37
  98.50	  29.28	   6.57
  99.72	  30.26	   8.72
  98.81	  29.49	   6.97
  99.75	  30.19	   8.55
  99.82	  30.14	   8.62
 100.13	  30.29	   9.09
 100.06	  30.15	   8.83
  99.91	  29.97	   8.40
  99.74	  29.75	   7.87
  99.93	  29.85	   8.09
  99.85	  29.78	   7.83
  99.72	  29.68	   7.52
  99.83	  29.73	   7.56
 100.27	  30.03	   8.24
 100.30	  30.00	   8.23
 100.53	  30.08	   8.58
 100.80	  30.23	   8.96
 101.01	  30.35	   9.24
 100.96	  30.24	   9.01
 100.94	  30.16	   8.79
 100.69	  29.89	   8.17
 100.97	  30.05	   8.57
 101.16	  30.13	   8.83
 101.44	  30.31	   9.23
 101.46	  30.28	   9.13
 101.35	  30.14	   8.79
 101.45	  30.18	   8.85
 101.31	  30.02	   8.44
 101.26	  29.95	   8.19
 101.03	  29.74	   7.62
 101.08	  29.74	   7.56
 100.92	  29.56	   7.04
  98.47	  27.13	   2.17
  99.94	  28.40	   4.85
 100.57	  29.06	   6.12
 101.58	  29.89	   7.90
 101.78	  29.93	   8.21
 101.89	  29.95	   8.39
 102.23	  30.15	   8.84
 102.02	  29.92	   8.32
 102.03	  29.87	   8.19
 101.86	  29.66	   7.73
 101.88	  29.63	   7.61
 101.92	  29.60	   7.51
 101.87	  29.51	   7.29
 102.18	  29.72	   7.75
 102.14	  29.62	   7.53
 102.15	  29.58	   7.43
 102.40	  29.74	   7.79
 102.45	  29.74	   7.78
 102.64	  29.85	   8.04
 103.05	  30.12	   8.75
 103.38	  30.33	   9.28
 103.45	  30.31	   9.26
 103.52	  30.34	   9.30
 103.71	  30.43	   9.49
 103.45	  30.13	   8.85
 103.02	  29.76	   7.83
 103.01	  29.65	   7.65
 103.62	  30.09	   8.73
 103.85	  30.18	   9.03
 103.78	  30.10	   8.81
 104.12	  30.35	   9.32
 104.07	  30.25	   9.07
 104.02	  30.17	   8.87
 104.16	  30.23	   8.99
 103.95	  30.04	   8.47
 103.97	  30.03	   8.29
 103.66	  29.67	   7.49
 103.35	  29.39	   6.84
 102.31	  28.32	   4.53
 103.84	  29.67	   7.44
 104.21	  29.90	   8.00
 103.99	  29.65	   7.51
 105.02	  30.45	   9.50
 104.63	  30.05	   8.63
 104.97	  30.30	   9.16
 105.03	  30.29	   9.11
 104.56	  29.83	   8.05
 104.63	  29.81	   8.00
 104.49	  29.58	   7.51
 104.61	  29.66	   7.63
 104.76	  29.73	   7.78
 104.60	  29.55	   7.32
 104.70	  29.62	   7.47
 105.03	  29.88	   7.97
 105.01	  29.85	   7.86
 105.21	  29.97	   8.11
 105.32	  29.99	   8.20
 105.50	  30.08	   8.44
 105.82	  30.26	   8.96
 106.10	  30.42	   9.41
 106.19	  30.45	   9.45
 106.25	  30.42	   9.37
 105.50	  29.75	   7.72
 106.13	  30.21	   8.80
 106.06	  30.07	   8.57
 106.40	  30.30	   9.13
 106.39	  30.24	   8.95
 106.37	  30.16	   8.78
 106.47	  30.20	   8.84
 106.43	  30.10	   8.61
 106.46	  30.07	   8.53
 106.47	  30.03	   8.42
 106.52	  30.02	   8.38
 106.52	  29.95	   8.22
 106.54	  29.90	   8.11
 106.50	  29.82	   7.91
 106.28	  29.56	   7.29
 106.38	  29.66	   7.34
 106.07	  29.29	   6.45
 106.26	  29.39	   6.74
 106.22	  29.27	   6.55
 106.76	  29.72	   7.54
 106.93	  29.81	   7.82
 107.48	  30.20	   8.89
 107.57	  30.23	   8.93
 107.79	  30.36	   9.20
 107.51	  30.05	   8.49
 107.13	  29.65	   7.56
 107.26	  29.68	   7.61
 107.23	  29.57	   7.40
 107.41	  29.66	   7.62
 107.51	  29.71	   7.71
 107.72	  29.88	   8.07
 107.83	  29.92	   8.16
 108.10	  30.11	   8.59
 108.37	  30.26	   9.04
 108.36	  30.21	   8.91
 108.64	  30.39	   9.33
 108.72	  30.41	   9.35
 108.54	  30.21	   8.83
 108.28	  29.92	   8.10
 108.37	  29.86	   8.11
 108.52	  29.93	   8.32
 108.79	  30.11	   8.73
 108.77	  30.03	   8.55
 108.87	  30.07	   8.64
 108.98	  30.12	   8.71
 108.79	  29.94	   8.21
 108.87	  29.98	   8.19
 108.72	  29.78	   7.72
 109.11	  30.05	   8.41
 109.25	  30.10	   8.56
 109.35	  30.13	   8.64
 109.42	  30.15	   8.64
 109.45	  30.12	   8.56
 109.51	  30.10	   8.54
 109.72	  30.23	   8.85
 109.83	  30.27	   8.93
 109.84	  30.23	   8.81
 109.88	  30.22	   8.77
 109.91	  30.19	   8.68
 109.90	  30.11	   8.52
 109.91	  30.07	   8.38
 109.76	  29.89	   7.90
 109.43	  29.54	   6.94
 109.18	  29.17	   5.96
 106.03	  25.16	  -1.34
 107.41	  26.81	   1.58
 109.19	  28.96	   5.88
 109.12	  28.85	   5.65
 110.09	  29.69	   7.72
 110.05	  29.59	   7.59
 110.28	  29.73	   7.88
 110.23	  29.60	   7.57
 110.06	  29.36	   7.05
 109.93	  29.16	   6.58
 110.44	  29.59	   7.48
 110.56	  29.66	   7.62
 110.20	  29.26	   6.75
 110.82	  29.84	   7.96
 110.48	  29.50	   7.11
 110.87	  29.82	   7.79
 110.95	  29.79	   7.81
 111.11	  29.89	   8.02
 111.25	  29.89	   8.17
 111.47	  30.03	   8.53
 111.76	  30.20	   9.01
 111.73	  30.11	   8.80
 111.60	  29.90	   8.30
 111.25	  29.48	   7.33
 111.85	  29.98	   8.55
 112.02	  30.07	   8.77
 111.97	  30.00	   8.56
 112.25	  30.20	   8.98
 112.01	  29.92	   8.31
 112.03	  29.89	   8.20
 111.99	  29.79	   7.92
 112.20	  29.90	   8.22
 112.16	  29.80	   8.01
 112.31	  29.89	   8.19
 112.37	  29.89	   8.16
 112.31	  29.76	   7.87
 112.36	  29.76	   7.83
 112.23	  29.55	   7.36
 112.27	  29.51	   7.30
 112.05	  29.18	   6.61
 112.17	  29.30	   6.72
 112.00	  29.10	   6.20
 112.54	  29.60	   7.23
 112.45	  29.44	   6.92
 113.01	  29.94	   8.06
 113.08	  29.89	   8.13
 113.30	  30.02	   8.45
 113.39	  30.04	   8.52
 113.45	  30.02	   8.47
 113.33	  29.80	   7.98
 113.22	  29.58	   7.52
 112.96	  29.22	   6.76
 113.13	  29.34	   6.99
 113.24	  29.39	   7.07
 113.48	  29.59	   7.49
 113.65	  29.73	   7.81
 113.86	  29.87	   8.13
 113.96	  29.90	   8.22
 114.13	  30.01	   8.47
 114.24	  30.05	   8.56
 114.53	  30.27	   9.09
 114.70	  30.39	   9.34
 114.70	  30.33	   9.19
 114.71	  30.20	   8.94
 114.19	  29.58	   7.54
 114.44	  29.72	   7.94
 114.58	  29.77	   8.07
 114.75	  29.92	   8.36
 114.73	  29.84	   8.15
 114.99	  30.05	   8.62
 115.00	  29.98	   8.48
 114.97	  29.91	   8.27
 115.09	  29.97	   8.36
 115.07	  29.87	   8.15
 115.11	  29.85	   8.09
 114.96	  29.65	   7.56
 114.95	  29.57	   7.34
 114.70	  29.17	   6.43
 114.65	  29.08	   6.20
 114.09	  28.25	   4.48
 114.33	  28.47	   4.92
 114.41	  28.44	   4.93
 115.63	  29.81	   7.81
 114.98	  29.14	   6.46
 115.83	  29.95	   8.24
 115.47	  29.45	   7.17
 115.65	  29.58	   7.47
 115.85	  29.70	   7.75
 115.36	  28.99	   6.32
 115.93	  29.55	   7.55
 115.86	  29.43	   7.18
 115.65	  29.22	   6.63
 116.08	  29.65	   7.48
 116.30	  29.77	   7.89
 116.25	  29.64	   7.64
 116.46	  29.77	   7.97
 116.62	  29.84	   8.18
 116.76	  29.89	   8.35
 116.94	  29.99	   8.63
 116.99	  29.97	   8.60
 117.18	  30.09	   8.88
 117.02	  29.83	   8.28
 116.70	  29.40	   7.25
 117.12	  29.77	   8.13
 117.33	  29.93	   8.55
 117.66	  30.23	   9.20
 117.43	  29.92	   8.47
 117.67	  30.10	   8.84
 117.45	  29.80	   8.12
 117.58	  29.89	   8.28
 117.52	  29.73	   7.93
 117.39	  29.54	   7.41
 117.04	  29.06	   6.28
 117.12	  29.12	   6.27
 117.49	  29.53	   7.13
 117.72	  29.67	   7.56
 117.91	  29.84	   7.98
 118.33	  30.16	   8.80
 118.29	  30.04	   8.55
 118.46	  30.12	   8.77
 118.39	  29.98	   8.42
 118.26	  29.78	   7.94
 118.25	  29.72	   7.74
 118.45	  29.85	   8.03
 118.55	  29.85	   8.08
 118.44	  29.67	   7.66
 118.33	  29.48	   7.17
 118.16	  29.13	   6.46
 118.52	  29.46	   7.16
 118.31	  29.18	   6.51
 118.38	  29.16	   6.53
 118.78	  29.57	   7.40
 118.59	  29.25	   6.75
 118.90	  29.52	   7.37
 119.06	  29.61	   7.64
 119.21	  29.68	   7.89
 119.35	  29.75	   8.07
 119.36	  29.70	   7.94
 119.55	  29.86	   8.25
 119.53	  29.77	   8.01
 119.33	  29.48	   7.34
 119.59	  29.68	   7.79
 119.76	  29.73	   8.03
 120.02	  30.00	   8.59
 120.07	  29.97	   8.51
 120.01	  29.85	   8.22
 120.17	  29.96	   8.41
 120.03	  29.69	   7.83
 120.19	  29.80	   8.09
 120.33	  29.88	   8.27
 120.36	  29.84	   8.17
 120.60	  30.02	   8.59
 120.56	  29.92	   8.33
 120.62	  29.90	   8.29
 120.77	  30.01	   8.52
 120.80	  29.96	   8.42
 120.93	  30.03	   8.56
 120.88	  29.92	   8.26
 121.00	  29.95	   8.35
 121.01	  29.89	   8.19
 120.83	  29.61	   7.50
 120.64	  29.32	   6.75
 120.83	  29.52	   7.10
 120.70	  29.29	   6.57
 120.91	  29.42	   6.90
 120.01	  28.10	   4.12
 121.38	  29.63	   7.44
 120.85	  29.10	   6.28
 121.44	  29.76	   7.71
 121.40	  29.54	   7.37
 121.38	  29.40	   7.19
 121.78	  29.78	   8.05
 121.66	  29.59	   7.55
 121.70	  29.58	   7.52
 121.77	  29.57	   7.50
 121.83	  29.54	   7.39
 121.76	  29.38	   7.01
 121.72	  29.18	   6.55
 121.87	  29.29	   6.81
 121.94	  29.30	   6.88
 122.11	  29.44	   7.20
 122.04	  29.30	   6.84
 122.17	  29.38	   7.02
 122.23	  29.39	   7.04
 122.40	  29.52	   7.35
 122.54	  29.59	   7.54
 122.59	  29.57	   7.52
 122.88	  29.84	   8.16
 122.83	  29.67	   7.78
 122.81	  29.56	   7.53
 122.90	  29.58	   7.54
 123.06	  29.66	   7.80
 123.18	  29.72	   7.96
 123.35	  29.85	   8.25
 123.43	  29.84	   8.23
 123.45	  29.80	   8.12
 123.44	  29.69	   7.87
 123.48	  29.66	   7.77
 123.28	  29.38	   7.00
 123.26	  29.27	   6.65
 123.46	  29.54	   7.07
 122.84	  28.56	   5.04
 123.60	  29.55	   7.16
 123.71	  29.59	   7.21
 123.73	  29.52	   7.14
 124.03	  29.79	   7.76
 124.05	  29.71	   7.60
 124.12	  29.72	   7.63
 124.06	  29.45	   7.12
 124.07	  29.34	   6.94
 124.18	  29.41	   7.07
 124.29	  29.44	   7.16
 124.22	  29.25	   6.76
 124.43	  29.49	   7.20
 124.46	  29.46	   7.13
 124.62	  29.62	   7.43
 124.82	  29.79	   7.82
 124.88	  29.74	   7.78
 125.19	  30.03	   8.55
 125.23	  29.98	   8.46
 125.31	  29.99	   8.44
 125.21	  29.77	   7.92
 125.37	  29.86	   8.11
 125.45	  29.82	   8.07
 125.47	  29.76	   7.96
 125.57	  29.81	   8.05
 125.62	  29.76	   7.97
 125.69	  29.78	   7.98
 125.74	  29.76	   7.91
 125.79	  29.76	   7.87
 125.81	  29.73	   7.76
 125.89	  29.77	   7.80
 126.03	  29.87	   7.99
 126.17	  29.96	   8.21
 126.25	  29.93	   8.22
 126.41	  30.07	   8.52
 126.50	  30.09	   8.52
 126.41	  29.83	   8.01
 126.51	  29.90	   8.16
 126.79	  30.17	   8.76
 126.84	  30.11	   8.65
 126.73	  29.92	   8.15
 126.86	  29.98	   8.28
 126.78	  29.80	   7.81
 127.16	  30.19	   8.76
 127.03	  29.92	   8.16
 127.01	  29.78	   7.81
 126.93	  29.50	   7.23
 126.90	  29.33	   6.91
 127.15	  29.58	   7.48
 127.40	  29.77	   8.07
 127.53	  29.94	   8.36
